1 0.6465747006767308 0.5212118408880666 0.013961478396668402 0.06083256244218317
1 0.6036283185840707 0.4964014801110083 0.006356064549713691 0.037474560592044404
1 0.6142581988547632 0.5203977798334875 0.012077043206663196 0.04864014801110083
1 0.5962051015096304 0.4959111933395005 0.008568453930244664 0.03758556891766883
1 0.5751327433628318 0.498945420906568 0.00695991671004685 0.034976873265494916
1 0.5657157730348776 0.4909990749306198 0.006106194690265487 0.02667900092506938
0 0.552660072878709 0.49592044403330254 0.008313378448724623 0.03572617946345976
0 0.5324778761061947 0.49507863089731724 0.008521603331598127 0.03670675300647549
1 0.29860489328474754 0.47432007400555043 0.004596564289432587 0.02105457909343201
1 0.3168453930244664 0.4749583718778908 0.0052056220718375845 0.019028677150786308
1 0.3915356585111921 0.4647641073080481 0.0031494013534617386 0.01326549491211841