1 0.2785424258198855 0.6091026827012026 0.027896928682977617 0.11318223866790009
1 0.3403748047891723 0.5609620721554116 0.012920353982300885 0.06200740055504163
1 0.38855283706402916 0.5498982423681776 0.009198334200937013 0.05463459759481961
1 0.39181155648099947 0.555550416281221 0.01766788131181676 0.05379278445883441
1 0.46683498178032273 0.5148011100832562 0.0041697032795419055 0.018270120259019425
1 0.4292972410203019 0.5159944495837188 0.004279021343050495 0.02064754856614246
1 0.4509786569495055 0.5133580018501388 0.0032118688183237895 0.01450508788159112
1 0.4536699635606455 0.5133765032377429 0.0037168141592920354 0.0154209065679926
1 0.4591566892243623 0.5112765957446809 0.003456533055700156 0.012950971322849213
0 0.4726444560124935 0.5148011100832562 0.004862051015096304 0.018270120259019425
0 0.48889120249869855 0.5156799259944497 0.003945861530452889 0.01740055504162812