1 0.7121707444039562 0.3785198889916744 0.014294638209266007 0.05244218316373728
1 0.6605257678292555 0.3680018501387604 0.01047371160853722 0.03585568917668825
1 0.6581624154086413 0.36406105457909343 0.008328995314940135 0.03913968547641073
1 0.6457626236335242 0.3641720629047179 0.006137428422696512 0.040064754856614246
1 0.6509370119729307 0.3624514338575393 0.00786569495054659 0.04428307123034227
1 0.7330504945340969 0.2749213691026827 0.006652785007808433 0.03469010175763182
1 0.7708901613742842 0.21424606845513414 0.008761061946902654 0.02816836262719704
1 0.7037688703800105 0.21781683626271972 0.00706923477355544 0.02942645698427382
1 0.6550494534096825 0.22025901942645698 0.006397709526288391 0.02666049953746531
1 0.4918688183237897 0.222895467160037 0.00579906298802707 0.026040703052728955
1 0.4886829776158251 0.22194264569842737 0.006715252472670484 0.024717853839037927
1 0.4527381572097866 0.22454209065679925 0.007074440395627277 0.021665124884366328
1 0.44049973971889644 0.22077705827937094 0.006142634044768351 0.025652173913043478
1 0.22180635085892764 0.23159111933395005 0.00842790213430505 0.025642923219241442
1 0.20098906819364915 0.3386031452358927 0.0065330557001561694 0.023996299722479186
1 0.1626184279021343 0.23464384828862164 0.00549713690786049 0.02154486586493987