1 0.5748672566371681 0.2865124884366328 0.007402394586153046 0.04276595744680851
1 0.568943258719417 0.27812210915818686 0.004018740239458615 0.022321924144310824
1 0.5642894325871942 0.2783626271970398 0.004456012493492973 0.023228492136910268
1 0.5536283185840708 0.27283071230342276 0.002805830296720458 0.01429232192414431
1 0.551025507548152 0.2723404255319149 0.002743362831858407 0.013931544865864941
1 0.742019781363873 0.2912950971322849 0.011363872982821446 0.04680851063829787
1 0.7689796980739199 0.2933209990749306 0.011697032795419051 0.04522664199814986
1 0.8021343050494535 0.2740055504162812 0.007293076522644456 0.031951896392229416
1 0.8155700156168663 0.31016651248843663 0.022425819885476313 0.0659481961147086
1 0.8141697032795419 0.2791304347826087 0.0085320145757418 0.03655874190564293
1 0.8217386777719937 0.28213691026827015 0.00939614783966684 0.03919518963922294
1 0.8769495054659031 0.3277150786308973 0.02627277459656429 0.09822386679000926