1 0.5916397709526289 0.5751341350601296 0.01193649141072358 0.07058279370952822
1 0.5796356064549714 0.5729602220166512 0.012243623112962 0.07719703977798335
1 0.5654763144195731 0.572904717853839 0.015174388339406559 0.07504162812210917
1 0.560067673086934 0.5475115633672526 0.008214471629359708 0.05440333024976873
1 0.5115877147319104 0.5205920444033303 0.006158250910983863 0.030046253469010173
1 0.4841957313899011 0.5185013876040703 0.004596564289432587 0.024098057354301573
1 0.28106194690265485 0.5776040703052728 0.01659552316501822 0.06295097132284921
1 0.300640291514836 0.5789824236817761 0.016819364914107238 0.06187789084181314
1 0.42224882873503383 0.5215448658649399 0.0051900052056220725 0.02603145235892692
1 0.4276314419573139 0.5311470860314523 0.00568974492451848 0.03260869565217391
1 0.43231650182196774 0.5203792784458834 0.004981780322748568 0.02335800185013876
1 0.43879229567933364 0.5189639222941721 0.0058927641853201455 0.0254209065679926
0 0.45396668401874024 0.5244403330249768 0.006814159292035398 0.03310823311748381
0 0.45902654867256637 0.5125161887141535 0.005080687142113483 0.020712303422756706
0 0.46755856324830813 0.5105827937095283 0.00398750650702759 0.018723404255319147