1 0.6220614263404477 0.46166512488436634 0.007902134305049453 0.03398704902867715
1 0.6100104112441437 0.45123959296947275 0.007423217074440396 0.03216466234967623
1 0.5884331077563769 0.5011193339500463 0.006017699115044248 0.026993524514338577
1 0.5834200937011973 0.5003145235892692 0.003758459135866736 0.027631822386679
1 0.5812545549193128 0.5013783533765033 0.004591358667360749 0.02768732654949121
1 0.5758563248308173 0.5036170212765957 0.005299323269130661 0.030897317298797407
1 0.5627485684539302 0.49382053654024055 0.005148360229047372 0.02341350601295097
1 0.5539146277980218 0.4849398704902868 0.0036751691827173346 0.017752081406105458
1 0.7474960957834461 0.5096022201665125 0.010661114003123374 0.035920444033302495
1 0.8512753774076002 0.5272802960222017 0.015132743362831859 0.05287696577243293
0 0.5428839146277981 0.48918593894542084 0.00646538261322228 0.02671600370027752
0 0.5592868297761583 0.5135522664199815 0.006996356064549713 0.031951896392229416
0 0.5702134305049454 0.5222016651248844 0.009578344612181156 0.04832562442183164
1 0.13845393024466426 0.5101202590194265 0.013409682457053618 0.037918593894542094