1 0.7171421134825612 0.44748381128584647 0.027225403435710567 0.12049028677150786
1 0.6452837064029151 0.4162164662349676 0.01655387818844352 0.08116558741905643
1 0.631509630400833 0.4031914893617021 0.018698594482040604 0.09100832562442182
1 0.6081207704320667 0.41720629047178537 0.02834461218115565 0.08843663274745606
1 0.5987610619469027 0.39221091581868645 0.013191046330036439 0.0817113783533765
1 0.5703956272774596 0.39730804810360776 0.015851119208745445 0.06341350601295097
1 0.5410775637688704 0.3615171137835338 0.010973451327433627 0.04683626271970398
1 0.5038885996876626 0.3610730804810361 0.008375845913586673 0.027197039777983347
1 0.5185059864653826 0.3503700277520814 0.006772514315460698 0.035494912118408876
1 0.25762623633524206 0.3874653098982424 0.010093701197293076 0.03570767807585569
1 0.26499219156689224 0.38743755781683625 0.010208224882873504 0.03469935245143386
1 0.31415408641332637 0.3452358926919519 0.004664237376366476 0.020083256244218316