1 0.7620249869859448 0.5804902867715078 0.027553357626236334 0.09974098057354301
1 0.7320978656949505 0.567631822386679 0.015205622071837585 0.08998149861239593
1 0.7186673607496096 0.5902867715078631 0.02107756376887038 0.10563367252543941
1 0.7258094742321707 0.5880758556891768 0.028302967204580948 0.09094357076780758
1 0.7393388859968766 0.5819056429232192 0.023258719416970327 0.10327474560592044
1 0.682821447162936 0.5792599444958372 0.02129099427381572 0.09499537465309899
1 0.6218219677251432 0.5185291396854764 0.011900052056220719 0.05189639222941721
1 0.5807496095783445 0.48945420906567993 0.006522644456012494 0.03074930619796485
0 0.6504216553878188 0.6083071230342276 0.030203019260801666 0.13225716928769657
0 0.6044456012493493 0.5683163737280297 0.016824570536179074 0.07890841813135985
0 0.5481259760541385 0.48833487511563367 0.006361270171785529 0.03230342275670675
1 0.5605570015616865 0.4878723404255319 0.009661634565330555 0.025263644773358