1 0.2741384695471109 0.45258094357076784 0.011624154086413326 0.04665124884366328
1 0.39498178032274855 0.41902867715078634 0.005044247787610619 0.02826086956521739
1 0.39881832378969284 0.42161887141535614 0.005096304008328995 0.019916743755781684
1 0.40455491931285786 0.4190656799259944 0.004898490369599167 0.029241443108233116
1 0.5003487766788131 0.41902867715078634 0.005080687142113483 0.02826086956521739
1 0.5052837064029151 0.4191026827012026 0.005304528891202498 0.030222016651248844
1 0.5643883394065591 0.4090101757631822 0.004284226965122332 0.019148936170212766
1 0.5621030713170223 0.40805735430157264 0.0031129619989588757 0.017918593894542093
1 0.4801561686621551 0.39999074930619793 0.004268610098906819 0.017964847363552267
1 0.44959396147839664 0.39665124884366326 0.0029463820926600728 0.017742830712303422
1 0.44703279541905255 0.397890841813136 0.0032274856845393024 0.016382978723404256