1 0.21358146798542427 0.615004625346901 0.030437272254034357 0.1362164662349676
1 0.2476054138469547 0.610814061054579 0.030557001561686625 0.12911193339500462
1 0.3515252472670484 0.5395559666975023 0.0129359708485164 0.05336725254394079
1 0.5366631962519521 0.5025254394079556 0.0031806350858927645 0.01689176688251619
1 0.5387558563248308 0.5031822386679001 0.0031129619989588757 0.015087881591119333
1 0.26374804789172307 0.5214801110083257 0.005955231650182196 0.028399629972247917
1 0.25372722540343573 0.5103237742830712 0.004185320145757418 0.021378353376503238
1 0.2299167100468506 0.5104717853839038 0.004659031754294638 0.022146160962072156
1 0.34211868818323793 0.5144588344125809 0.006585111920874544 0.027261794634597592
1 0.34755856324830814 0.5138390379278446 0.007787610619469027 0.0274468085106383
0 0.33166579906298804 0.5208510638297872 0.010395627277459655 0.03383903792784459
0 0.233045288912025 0.516327474560592 0.009302446642373764 0.027178538390379276
1 0.1330192608016658 0.5182423681776134 0.008001041124414366 0.027150786308973173