1 0.728365434669443 0.38361702127659575 0.014534096824570537 0.07494912118408881
1 0.7433732431025507 0.3874468085106383 0.021926080166579907 0.07173913043478261
1 0.759073399271213 0.3929324699352451 0.018266527850078085 0.06966697502312674
1 0.7720301926080166 0.39280296022201666 0.013768870380010411 0.06866790009250694
1 0.78096304008329 0.3950971322849214 0.023420093701197294 0.0761609620721554
1 0.7052160333159813 0.3761702127659574 0.014325871941697033 0.05933395004625347
1 0.6789276418532014 0.371840888066605 0.013956272774596564 0.05719703977798335
1 0.6756064549713691 0.3641720629047179 0.007719937532535138 0.04330249768732655
1 0.6698178032274857 0.36256244218316375 0.010005205622071836 0.045883441258094355
1 0.4909682457053618 0.3296114708603145 0.0027850078084331077 0.01188714153561517
0 0.45992191566892243 0.3226086956521739 0.003519000520562207 0.010703052728954672