0 0.543779281624154 0.4302127659574468 0.012431025507548151 0.05975948196114708
1 0.5151847995835502 0.3805920444033303 0.004039562727745966 0.024283071230342276
1 0.4739614783966684 0.3793709528214616 0.0037636647579385738 0.020138760407030526
1 0.019489849036959914 0.4774468085106383 0.03679854242581988 0.09917668825161886
1 0.13781884435190006 0.4536355226641998 0.03059864653826132 0.07938945420906568
1 0.1942217595002603 0.4822201665124884 0.03475793857365955 0.061165587419056436
1 0.19206663196251952 0.4383071230342276 0.01295158771473191 0.06496762257169288
1 0.26413326392503905 0.43506938020351527 0.012665278500780842 0.06705827937095282
1 0.30179593961478396 0.41647548566142456 0.011093180635085893 0.04488436632747456
1 0.3650078084331077 0.4045328399629972 0.006048932847475273 0.027964847363552266
1 0.33958875585632486 0.4048936170212766 0.004966163456533055 0.031359851988899165
1 0.34512753774076005 0.40519888991674374 0.005793857365955232 0.032506938020351525
1 0.4609005726184279 0.37700277520814063 0.003586673607496096 0.0189731729879741
1 0.4533211868818324 0.38178538390379274 0.0037064029151483604 0.021239592969472712
1 0.387116085372202 0.39103607770582793 0.005856324830817283 0.02826086956521739