1 0.6009786569495055 0.3824699352451434 0.008214471629359708 0.04115633672525439
1 0.5700468505986465 0.3756336725254394 0.008547631441957314 0.03938945420906568
1 0.5617751171264966 0.3721831637372803 0.006028110359187923 0.03141535615171138
1 0.5573919833420093 0.3746993524514339 0.009770952628839147 0.03590194264569843
1 0.5056793336803748 0.37625346901017576 0.008188443519000521 0.035763182238667895
0 0.44730348776678813 0.37122109158186867 0.024679854242581987 0.03814986123959297
0 0.4139510671525248 0.37322849213691023 0.02750130140551796 0.039472710453283995
1 0.22155648099947944 0.39674375578168364 0.01648620510150963 0.05608695652173913
1 0.34110359187922956 0.35590194264569847 0.007667881311816762 0.03220166512488437
1 0.35178552837064025 0.35193339500462534 0.007136907860489329 0.028843663274745607
1 0.32464341488807913 0.36251618871415353 0.005976054138469547 0.027123034227567067
1 0.31213430504945344 0.3579648473635523 0.007683498178032275 0.03059204440333025
1 0.17625195210827693 0.4259574468085106 0.01764705882352941 0.07388529139685476