1 0.8799583550234253 0.6209620721554117 0.07602290473711608 0.15485661424606845
1 0.812951587714732 0.6098982423681776 0.041540864133263924 0.14814061054579092
1 0.797787610619469 0.5482608695652174 0.012925559604372722 0.05917668825161887
1 0.7810723581467985 0.5760129509713228 0.016106194690265488 0.06400555041628121
1 0.7523269130661114 0.5399352451433858 0.014934929724102031 0.07254394079555967
1 0.745674128058303 0.5581221091581869 0.012186361270171786 0.061387604070305274
1 0.6717542946382093 0.5067715078630898 0.014305049453409683 0.049999999999999996
1 0.6643102550754816 0.506845513413506 0.015611660593440916 0.04765957446808511
1 0.6248828735033837 0.5380111008325624 0.014195731389901094 0.06870490286771508
1 0.7188547631441957 0.6023034227567068 0.02754294638209266 0.12114708603145237
0 0.5557157730348776 0.5084551341350602 0.011743883394065591 0.05211840888066605
1 0.3383133784487246 0.4691119333950046 0.0038001041124414367 0.015837187789084183