1 0.6098802706923477 0.5766327474560592 0.021093180635085893 0.10074930619796485
1 0.728297761582509 0.5094357076780759 0.0065486725663716815 0.030730804810360775
0 0.7466892243623113 0.5106660499537465 0.012352941176470589 0.027502312673450508
0 0.7715460697553358 0.5127844588344126 0.010801665799062988 0.031128584643848288
1 0.8144820406038521 0.5042275670675301 0.004586153045288912 0.023718778908418132
0 0.33451847995835504 0.5185106382978724 0.02943779281624154 0.044329324699352454
1 0.38217074440395626 0.514995374653099 0.007969807391983342 0.023903792784458835
1 0.4113534617386778 0.5009805735430157 0.006017699115044248 0.017317298797409803
1 0.44398750650702756 0.5107030527289547 0.008781884435190006 0.030814061054579095
1 0.5271004685059865 0.5059019426456984 0.006741280583029672 0.029435707678075854
1 0.511056741280583 0.486854764107308 0.0032847475273295157 0.013524514338575393
1 0.517693909422176 0.4887511563367253 0.0036751691827173346 0.01580018501387604
1 0.23743362831858408 0.512654949121184 0.011410723581467986 0.04301572617946346
1 0.2184226965122332 0.5079740980573543 0.009479437792816242 0.04383903792784459
1 0.15875065070275896 0.5046253469010176 0.01013014055179594 0.038048103607770584
1 0.16254034357105673 0.5059296947271045 0.008776678813118168 0.027853839037927843
1 0.13817282665278502 0.5054671600370028 0.010270692347735555 0.03939870490286772
1 0.11499219156689225 0.505513413506013 0.011041124414367517 0.032220166512488435
1 0.13034877667881312 0.5013968547641073 0.0076730869338886 0.03401480111008326
1 0.07925559604372723 0.5021461609620722 0.01047371160853722 0.03275670675300647
1 0.017699115044247787 0.49340425531914894 0.007038001041124414 0.02673450508788159